0 70 70 70 70 30 30 30 30 0 0 0 0 0 0 0 0 0 0 0 0
1 70 70 70 70 30 30 30 30 0 0 0 0 0 0 0 0 0 0 0 0
1 70 70 70 70 30 30 30 30 1 1 0 1 0 0 0 0 0 0 0 0
1 70 70 70 70 30 30 30 30 2 3 0 1 0 0 0 0 0 0 0 0
1 70 70 70 70 30 30 30 30 3 6 0 1 0 0 0 0 0 0 0 0
1 70 70 70 70 30 30 30 30 4 10 0 1 0 0 0 0 0 0 0 0
1 70 70 70 70 30 30 30 30 5 15 0 1 0 0 0 0 0 0 0 0
2 70 70 70 70 30 30 30 30 0 0 0 0 0 0 0 0 0 0 0 0
2 70 70 70 70 30 30 30 30 2 2 0 1 0 0 0 0 0 0 0 0
2 70 70 70 70 30 30 30 30 4 6 0 1 0 0 0 0 0 0 0 0
2 70 70 70 70 30 30 30 30 6 12 0 1 0 0 0 0 0 0 0 0
2 70 70 70 70 30 30 30 30 8 20 0 1 0 0 0 0 0 0 0 0
2 70 70 70 70 30 30 30 30 10 30 0 1 0 0 0 0 0 0 0 0
3 70 70 70 70 30 30 30 30 0 0 0 0 0 0 0 0 0 0 0 0
3 70 70 70 70 30 30 30 30 1 1 0 1 0 0 0 0 0 0 0 0
3 70 70 70 70 30 30 30 30 1 2 0 0 0 0 0 0 0 0 0 0
3 70 70 70 70 30 30 30 30 1 3 0 0 0 0 0 0 0 0 0 0
3 70 70 70 70 30 30 30 30 1 4 0 0 0 0 0 0 0 0 0 0
3 70 70 70 70 30 30 30 30 1 5 0 0 0 0 0 0 0 0 0 0
4 70 70 70 70 30 30 30 30 0 0 0 0 0 0 0 0 0 0 0 0
0 70 70 70 70 30 30 30 30 0 0 0 0 0 0 0 0 0 0 0 0
1 70 70 70 70 30 30 30 30 0 0 0 0 0 0 0 0 0 0 0 0
1 70 70 70 70 30 30 30 30 1 1 0 1 0 0 0 0 0 0 0 0
1 70 70 70 70 30 30 30 30 2 3 0 1 0 0 0 0 0 0 0 0
1 70 70 70 70 30 30 30 30 3 6 0 1 0 0 0 0 0 0 0 0
1 70 70 70 70 30 30 30 30 4 10 0 1 0 0 0 0 0 0 0 0
1 70 70 70 70 30 30 30 30 5 15 0 1 0 0 0 0 0 0 0 0
2 70 70 70 70 30 30 30 30 0 0 0 0 0 0 0 0 0 0 0 0
2 70 70 70 70 30 30 30 30 2 2 0 1 0 0 0 0 0 0 0 0
2 70 70 70 70 30 30 30 30 4 6 0 1 0 0 0 0 0 0 0 0
2 70 70 70 70 30 30 30 30 6 12 0 1 0 0 0 0 0 0 0 0
2 70 70 70 70 30 30 30 30 8 20 0 1 0 0 0 0 0 0 0 0
2 70 70 70 70 30 30 30 30 10 30 0 1 0 0 0 0 0 0 0 0
3 70 70 70 70 30 30 30 30 0 0 0 0 0 0 0 0 0 0 0 0